Compound	m/z	Retention time (min)	sample1	sample2	sample3	sample4	sample5	sample6	sample7	sample8	sample9	sample10
4.47_383.1165m/z	383.1165	4.47	1227.3	906.7	1096.6	1076.8	914.4	716.9	837.2	833.3	654.7	1425.6
3.22_393.2099m/z	393.2099	3.22	1019.1	918.6	873.5	913.7	1003.5	896.8	942.4	987.2	1023.6	949.1
2.79_644.4941m/z	644.4941	2.79	1018.6	917.0	940.3	1012.7	1041.2	1335.5	1295.2	1367.8	1357.6	965.8
4.60_353.1456m/z	353.1456	4.60	1100.7	1130.6	1096.7	1145.5	1047.7	1104.6	1091.2	1115.6	1066.9	1097.7
4.83_162.1495m/z	162.1495	4.83	1087.8	1112.7	1008.6	1038.6	1057.6	1078.8	1020.7	1023.3	1060.4	1137.9
2.19_512.4156m/z	512.4156	2.19	1035.1	968.4	1012.3	1051.9	1079.6	1539.9	1451.7	1486.0	1503.4	1090.4
2.45_246.2428m/z	246.2428	2.45	1065.2	1056.2	963.1	1034.4	1087.6	1023.3	989.1	1092.6	1073.5	1018.1
4.52_872.5430m/z	872.5430	4.52	1171.3	1096.7	1089.2	1028.5	1116.0	1172.6	1176.2	1183.4	1232.4	1273.9
4.11_652.4115m/z	652.4115	4.11	1087.8	1105.9	1071.5	1038.4	1139.6	1118.9	1113.9	1040.1	1109.1	1212.4
3.22_422.8917m/z	422.8917	3.22	1138.7	1085.4	1092.0	1055.0	1179.1	1087.4	1057.3	1069.6	1114.8	1137.0
4.47_413.1171m/z	413.1171	4.47	1254.2	1118.0	1155.5	1159.1	1183.1	1044.0	1110.0	1041.6	1071.8	1184.4
1.27_328.2402n	351.2299	1.27	1123.4	957.7	1092.8	980.1	1184.8	1761.2	2007.5	1764.5	1984.4	3123.0
2.61_600.4678m/z	600.4678	2.61	1064.5	1129.7	1119.1	1052.7	1200.0	1543.2	1567.7	1560.9	1563.5	1178.2
0.98_629.5493m/z	629.5493	0.98	1281.5	1240.6	1087.6	1163.0	1200.8	2286.7	2271.5	2382.6	2388.0	2617.5
0.74_102.1284m/z	102.1284	0.74	1089.1	1072.9	995.1	1054.9	1253.5	1235.1	1057.4	1088.4	1072.9	1097.3
1.03_946.7851m/z	946.7851	1.03	1331.8	1176.0	1137.3	1211.5	1266.6	2357.1	2214.6	2311.8	2336.5	2453.5
1.28_629.5492m/z	629.5492	1.28	1359.3	1361.1	1166.9	1195.7	1268.1	2619.1	2492.5	2643.1	2607.8	2795.2
3.22_359.9379n	342.9346	3.22	1250.8	1222.4	1169.1	1263.1	1282.9	1300.8	1181.3	1265.9	1266.2	1299.0
0.85_764.5745m/z	764.5745	0.85	1181.5	1212.0	1290.5	1224.2	1284.8	1371.4	1288.7	1485.7	1194.6	1243.6
1.34_311.2558m/z	311.2558	1.34	1314.8	1296.0	1202.4	1116.1	1293.1	2299.9	2345.1	2269.9	2328.2	2481.8
3.22_261.1315m/z	261.1315	3.22	1324.4	1292.6	1331.0	1267.3	1296.2	1235.8	1295.2	1357.3	1383.5	1334.8
0.56_669.3342m/z	669.3342	0.56	1380.9	1279.8	1172.7	1240.6	1298.8	2570.1	2458.3	2422.8	2492.7	2643.6
0.55_529.4647m/z	529.4647	0.55	1282.4	1251.6	1299.0	1305.1	1302.2	1364.2	1342.8	1370.1	1369.6	599.6
3.22_253.9733n	276.9627	3.22	1327.0	1340.9	1261.1	1241.7	1323.5	1253.3	1311.8	1292.6	1327.4	1314.4
3.16_258.2794m/z	258.2794	3.16	1327.9	1410.7	1379.8	1384.8	1339.7	2416.6	2596.0	2769.7	2856.5	2781.7
2.41_556.4416m/z	556.4416	2.41	1218.7	1191.1	1186.0	1232.0	1343.1	1698.3	1733.1	1752.7	1827.3	1231.0
1.30_627.5386m/z	627.5386	1.30	1385.9	1390.1	1250.1	1271.3	1365.6	2629.6	2538.1	2720.3	2601.2	2790.2
2.02_250.2533m/z	250.2533	2.02	1422.2	1348.0	1266.3	1290.7	1375.1	2322.7	2405.3	2453.9	2359.6	2615.2
1.04_974.8123m/z	974.8123	1.04	1415.4	1330.8	1211.1	1305.7	1376.4	2571.7	2411.4	2573.0	2563.8	2644.4
1.34_327.2902m/z	327.2902	1.34	1287.9	1268.8	1424.4	1287.9	1435.1	2450.7	2499.5	2401.8	2479.1	2471.8
4.49_828.5162m/z	828.5162	4.49	1367.3	1399.9	1252.6	1362.5	1437.9	1429.1	1482.4	1417.6	1543.1	1461.5
0.99_627.5340m/z	627.5340	0.99	1486.4	1504.3	1386.4	1442.6	1449.5	2912.9	2777.4	2877.9	2923.4	3094.9
4.80_821.5948m/z	821.5948	4.80	1318.5	1495.7	1385.4	1496.4	1449.7	2698.2	2694.1	2732.6	2702.8	2882.1
0.85_607.3906m/z	607.3906	0.85	1063.6	1255.5	1182.9	1213.4	1478.9	1203.7	1146.4	1367.6	1192.5	920.4
4.46_784.4908m/z	784.4908	4.46	1281.4	1393.8	1376.6	1461.6	1498.9	1621.0	1628.4	1561.4	1717.9	1660.7
4.52_332.3268m/z	332.3268	4.52	1519.9	1533.3	1383.0	1493.5	1526.2	1561.8	1611.4	1611.3	1653.1	1607.8
2.04_639.6403m/z	639.6403	2.04	1733.1	1657.5	1585.1	1583.4	1544.0	2973.0	3016.9	3155.7	3086.7	3363.4
1.21_337.2730m/z	337.2730	1.21	1830.3	1420.7	1637.6	1471.5	1564.1	2379.4	2787.2	2460.6	2378.1	2375.8
0.57_697.3654m/z	697.3654	0.57	1598.2	1598.2	1480.2	1523.9	1604.0	3112.1	2958.2	2994.7	3055.0	3314.1
1.01_1010.9075m/z	1010.9075	1.01	1735.6	1582.5	1536.4	1694.3	1652.6	3364.6	3325.5	3386.0	3484.2	3792.9
4.60_266.1665m/z	266.1665	4.60	1649.9	1655.0	1599.4	1631.9	1668.1	1589.6	1615.5	1626.7	1649.9	1594.2
2.68_202.1806m/z	202.1806	2.68	1723.5	1680.3	1577.4	1610.9	1676.5	1638.2	1670.7	1641.5	1675.4	1692.7
0.85_327.0790m/z	327.0790	0.85	1292.9	1499.2	1216.4	1340.6	1682.8	1346.2	1487.4	1441.9	1880.9	1053.5
4.47_563.4629m/z	563.4629	4.47	1745.9	1566.1	1529.9	1644.2	1686.1	1815.4	1787.7	1742.7	1690.8	1801.1
3.22_288.9267m/z	288.9267	3.22	1664.2	1669.8	1554.7	1558.4	1687.9	1577.9	1574.3	1646.6	1629.8	1616.9
1.02_920.7691m/z	920.7691	1.02	1699.5	1648.9	1573.9	1744.1	1731.6	3160.0	3186.9	3174.5	3342.0	4094.6
0.59_753.4280m/z	753.4280	0.59	1545.7	1424.4	1580.3	1705.2	1762.3	3437.5	3345.2	3396.4	3304.1	3054.8
1.39_363.2898m/z	363.2898	1.39	1812.4	1843.7	1651.1	1638.3	1764.6	3174.4	3094.7	3330.6	3351.1	3484.9
1.37_694.6324m/z	694.6324	1.37	1584.6	1559.7	1556.9	1532.7	1797.2	3313.6	2618.7	3106.6	3007.4	3066.9
3.22_411.8944n	394.8911	3.22	1808.0	1743.2	1590.0	1643.6	1805.4	1761.2	1642.8	1722.2	1705.4	1670.1
0.58_725.3967m/z	725.3967	0.58	1711.7	1618.8	1684.8	1668.4	1810.2	3509.5	3443.4	3382.9	3602.7	3451.3
0.57_107.0501m/z	107.0501	0.57	1541.9	1565.8	1734.5	1634.8	1818.6	1698.5	1613.2	1694.8	1626.0	941.8
0.82_163.0398m/z	163.0398	0.82	1186.6	2535.1	1279.6	1448.9	1846.5	1540.9	1256.0	1663.3	1238.6	723.9
4.82_848.6146m/z	848.6146	4.82	1615.5	1873.9	1690.6	1864.9	1867.3	3355.1	3395.3	3432.1	3498.0	4305.7
1.27_648.5600n	631.5567	1.27	1863.9	1936.0	1810.6	1872.9	1877.4	3808.1	3731.6	3721.7	3542.9	4058.7
1.00_894.7558m/z	894.7558	1.00	1915.7	1877.1	1738.7	1923.3	1890.0	3367.7	3494.8	3306.6	3604.9	6817.3
1.04_385.3454m/z	385.3454	1.04	1984.9	1902.3	1818.5	1795.6	1917.7	3693.4	3584.1	3548.0	3593.7	3818.6
1.48_277.2160m/z	277.2160	1.48	2008.6	1940.9	1804.3	1795.7	1922.8	3656.2	3527.9	3689.0	3618.5	3885.0
1.16_300.2069n	301.2142	1.16	1565.1	1416.8	1548.7	1400.6	1932.6	2782.2	2382.6	2220.3	2607.0	2307.0
0.91_850.9332m/z	850.9332	0.91	1872.6	1968.7	1745.1	1813.0	1952.4	4044.0	4012.8	4195.8	4100.2	4540.5
4.83_852.5721m/z	852.5721	4.83	1755.5	1984.8	1772.6	1935.4	1956.1	3892.7	4031.0	4125.9	4163.7	4228.6
1.14_922.7646m/z	922.7646	1.14	1941.7	1866.9	1989.9	2093.1	1977.9	4028.5	4235.6	4161.8	4180.5	4140.4
1.03_976.8280m/z	976.8280	1.03	2075.5	2098.8	1905.1	1963.1	1986.0	3924.2	3854.3	4057.6	3989.5	4177.5
0.85_750.5587m/z	750.5587	0.85	1763.9	1882.0	2026.5	1751.5	2006.0	1737.1	1785.1	2048.6	1600.0	1651.1
3.22_387.9376n	370.9343	3.22	1954.9	1882.4	1811.9	1850.4	2029.6	1928.0	1900.8	1953.2	1874.4	1921.0
0.99_599.5033m/z	599.5033	0.99	2189.8	1941.9	2064.3	2506.3	2080.0	4099.3	5008.9	4124.8	4864.0	19997.9
4.95_717.5871m/z	717.5871	4.95	1535.9	1785.5	2031.4	2306.5	2089.0	4938.4	5424.3	5435.2	5464.6	5763.5
2.51_318.3005m/z	318.3005	2.51	2092.3	2021.9	1963.1	1987.7	2093.2	1932.8	2069.5	2023.6	2001.3	1977.7
2.08_600.6017m/z	600.6017	2.08	2218.3	2207.5	1960.4	2028.1	2101.5	3935.5	4054.1	4265.7	4146.6	4388.7
2.07_278.2847m/z	278.2847	2.07	1944.1	1994.8	2208.8	1787.4	2140.8	3371.6	3157.5	3200.9	3115.4	3758.3
1.18_329.2427m/z	329.2427	1.18	2059.1	1886.5	1732.5	1223.2	2142.1	2763.6	2439.6	1945.2	2793.8	3038.2
0.91_849.0493m/z	849.0493	0.91	2217.0	2275.6	2001.4	1987.4	2163.4	5184.2	4966.0	5172.7	4839.6	5627.2
3.22_331.9072n	314.9039	3.22	2063.8	2024.8	1992.5	1924.6	2164.9	2000.8	2010.9	2012.3	2076.0	2024.0
0.92_879.5040m/z	879.5040	0.92	2261.1	2318.1	1968.3	1945.4	2215.7	5038.2	4891.5	5006.6	4823.1	5419.3
0.92_878.9659m/z	878.9659	0.92	2299.0	2316.2	2096.7	2142.3	2278.5	4341.1	4299.0	4391.1	4200.2	4679.2
3.22_239.9585n	262.9487	3.22	2156.7	2188.3	2076.6	2008.3	2281.7	2127.2	2162.3	2192.8	2156.0	2159.6
3.22_267.9565n	290.9753	3.22	2172.3	2127.0	1988.4	2052.3	2282.9	2145.5	2140.5	2086.8	2150.9	2161.5
1.36_652.5840m/z	652.5840	1.36	2179.8	2140.7	2334.3	2168.6	2286.7	4093.4	4145.2	4143.1	4098.8	4464.7
1.34_591.5215m/z	591.5215	1.34	2226.1	2176.3	2097.2	2134.0	2288.3	4495.5	4483.9	4472.8	4421.3	4705.4
3.22_349.1833m/z	349.1833	3.22	2259.1	2249.1	2116.5	2241.5	2302.7	2079.1	2235.0	2253.8	2300.6	2234.7
1.36_659.5010m/z	659.5010	1.36	2794.8	2937.1	2687.9	2512.7	2303.3	3866.2	3952.2	3849.6	3914.8	3796.1
3.16_230.2482m/z	230.2482	3.16	2030.7	2276.1	2219.1	2291.5	2304.7	4099.6	4501.0	4583.1	4676.0	4611.9
0.89_806.7208m/z	806.7208	0.89	2346.7	2287.3	2216.9	2214.4	2316.8	4575.2	4419.1	4469.1	4627.1	4665.6
2.61_283.1752m/z	283.1752	2.61	2112.6	2229.3	2105.1	2041.7	2334.4	2107.4	2121.3	2170.7	2188.3	2242.9
0.57_166.0634n	149.0601	0.57	2139.3	2107.0	2239.9	2236.4	2342.7	2246.7	2176.7	2198.0	2183.8	1253.1
4.78_465.2361m/z	465.2361	4.78	2014.2	2249.9	2280.2	2455.5	2344.6	3738.0	3973.5	4042.3	4014.8	4245.6
0.86_567.4055n	585.4466	0.86	1378.0	1348.5	2299.1	2289.7	2347.3	2341.7	2351.3	2347.0	2496.4	556.8
1.20_549.4873m/z	549.4873	1.20	2320.3	2381.3	2165.9	2219.8	2347.9	4804.2	4665.7	4559.2	4734.7	4885.6
1.20_326.2218n	327.2291	1.20	2700.7	2684.5	2613.8	2561.7	2362.0	3511.1	4057.3	3677.3	4059.2	4259.2
1.23_575.5028m/z	575.5028	1.23	2369.5	2392.7	2148.1	2312.4	2366.7	4660.3	4545.6	4551.8	4784.9	4830.5
3.22_225.9426n	248.9319	3.22	2233.0	2244.0	2139.4	2181.1	2395.7	2143.0	2156.3	2221.0	2201.6	2342.5
0.96_648.5684n	631.5651	0.96	2431.5	2482.2	2262.2	2261.3	2410.8	4655.6	4438.6	4542.2	4624.0	4982.0
3.96_608.3858m/z	608.3858	3.96	2316.1	2461.3	2316.3	2439.0	2446.0	2393.1	2446.2	2555.0	2507.7	2393.9
4.01_816.5513m/z	816.5513	4.01	2307.7	2377.4	2332.1	2479.0	2451.9	5395.7	5726.8	5721.7	5815.7	5279.5
3.22_446.8481m/z	446.8481	3.22	2197.4	2260.6	2077.8	2195.1	2461.8	2183.2	2176.6	2217.9	2216.4	2277.3
1.03_978.8450m/z	978.8450	1.03	2623.3	2478.0	2262.5	2436.8	2469.0	4861.6	4826.1	4936.9	4916.6	5495.8
0.98_970.8773m/z	970.8773	0.98	2726.1	2585.2	2447.7	2536.2	2475.5	3959.4	4103.2	4291.2	4178.9	4612.8
0.93_877.6469m/z	877.6469	0.93	2667.0	2748.3	2496.5	2383.6	2503.5	5124.5	5088.3	5022.8	5065.7	4860.3
4.09_232.1447m/z	232.1447	4.09	2502.1	2535.2	2408.5	2420.4	2538.8	2412.6	2441.7	2368.6	2353.4	2430.8
0.99_968.8613m/z	968.8613	0.99	2635.4	2607.1	2464.0	2527.0	2541.1	4295.0	4481.4	4584.4	4530.8	5053.2
0.64_687.5492m/z	687.5492	0.64	2806.6	2762.0	2348.1	2409.3	2550.6	3359.8	3330.9	3411.4	3513.8	3642.7
1.02_948.7994m/z	948.7994	1.02	2659.7	2540.5	2333.0	2492.8	2584.3	4830.8	4603.3	4787.5	4883.9	5482.0
4.66_284.3310m/z	284.3310	4.66	2725.8	2606.7	2551.5	2644.6	2595.0	2433.9	2532.2	2474.4	2496.0	2631.7
3.22_345.9226n	328.9193	3.22	2553.8	2466.4	2381.1	2415.7	2615.5	2457.0	2463.6	2491.6	2474.9	2506.3
1.25_321.2601n	339.2889	1.25	2762.0	2655.0	2561.2	2472.1	2727.0	4799.5	4633.9	4633.6	4825.4	4895.9
0.98_963.8359m/z	963.8359	0.98	2870.2	2666.1	2682.1	2905.4	2743.0	4940.5	5189.4	5158.6	5583.7	8663.1
4.09_111.0923m/z	111.0923	4.09	2779.5	2724.0	2621.5	2648.2	2745.3	2632.0	2643.5	2659.3	2613.0	2563.0
2.10_628.6018m/z	628.6018	2.10	2353.8	2950.5	2322.1	2788.7	2756.9	4841.4	6021.4	5921.7	6225.4	8805.1
2.03_625.6243m/z	625.6243	2.03	3055.4	2872.5	2782.0	2653.8	2784.7	5355.6	4862.9	5336.4	5060.2	4414.9
0.80_693.5582m/z	693.5582	0.80	2829.3	2777.1	2652.0	2769.7	2801.1	5326.5	5342.0	5298.8	5322.6	5333.7
1.65_384.3221n	367.3188	1.65	1608.2	1604.6	2820.1	2630.5	2844.9	4299.7	4301.1	4381.4	4126.2	3604.2
2.05_546.5180m/z	546.5180	2.05	3169.6	3089.8	2892.7	2919.5	2856.4	5762.9	5585.5	6007.7	5858.5	6277.1
0.96_905.1222m/z	905.1222	0.96	2917.2	3001.0	2771.7	2655.5	2857.4	6138.6	6147.6	6411.8	6254.1	6731.0
0.87_815.7039m/z	815.7039	0.87	3188.5	3241.1	2662.3	2708.2	2876.3	4571.5	4794.5	4664.3	4662.6	5102.5
2.03_596.5762m/z	596.5762	2.03	2928.1	2915.9	2738.2	2905.8	2928.8	4581.9	4278.6	4570.2	4518.2	4850.3
1.37_648.5668n	631.5635	1.37	2858.8	2760.7	2823.5	2947.4	3009.0	5935.2	5754.4	5971.0	6144.2	5876.0
0.55_405.2448m/z	405.2448	0.55	15609.8	1796.9	21693.2	4628.6	3048.8	1733.2	15785.8	1912.1	3732.4	17418.5
3.99_818.5673m/z	818.5673	3.99	2930.3	2989.5	2998.6	3221.4	3084.2	6720.1	6941.4	7018.4	7118.9	7065.4
4.81_740.5571m/z	740.5571	4.81	2696.6	3116.2	3041.2	3344.3	3132.0	6872.2	7257.1	7496.7	7512.1	7636.6
4.26_111.0923m/z	111.0923	4.26	3278.6	3313.9	3067.4	3138.8	3263.2	3078.0	3103.4	3119.2	3110.1	2999.0
0.57_475.4143m/z	475.4143	0.57	2927.3	2866.1	3050.8	3135.1	3270.7	2998.8	3025.2	3042.5	3069.0	1826.4
0.92_879.3485m/z	879.3485	0.92	3336.1	3391.4	3014.6	2826.2	3290.0	7736.4	7698.7	7787.9	7454.0	8512.3
0.88_521.4566m/z	521.4566	0.88	3240.0	3241.7	3046.6	2981.6	3298.4	6429.4	6396.1	6358.0	6466.0	6609.8
4.80_754.5438m/z	754.5438	4.80	2683.1	3202.4	3143.1	3383.0	3332.3	6465.3	6952.9	7027.1	6957.3	7170.5
4.76_804.6458m/z	804.6458	4.76	2911.1	3099.8	2844.8	3078.2	3338.4	5099.9	5286.1	5533.1	5717.3	5744.1
0.86_766.6904m/z	766.6904	0.86	3545.7	3415.6	3305.8	3431.6	3374.1	6556.2	6692.8	6474.1	6886.8	6901.6
0.93_950.9092m/z	950.9092	0.93	3619.3	3627.4	3429.2	3218.4	3382.8	3398.8	3429.4	3591.2	3499.0	3419.2
3.94_686.5122m/z	686.5122	3.94	3330.8	3350.6	3297.0	3579.4	3395.0	7144.9	7561.2	7725.7	7606.2	7690.2
0.93_876.9515m/z	876.9515	0.93	3446.3	3595.8	3266.3	3062.4	3397.7	6281.9	6521.9	6479.6	6319.0	6931.6
2.70_143.0559m/z	143.0559	2.70	3425.4	3391.7	3331.1	3249.2	3399.6	3231.8	3370.3	3441.1	3332.9	3260.5
2.01_492.4770m/z	492.4770	2.01	3463.4	3521.5	3149.5	3308.7	3425.8	6460.5	6311.9	6742.9	6835.1	7232.9
4.80_730.5565m/z	730.5565	4.80	3030.9	3380.9	3372.0	3552.9	3495.6	6877.5	7423.2	7654.3	7655.8	7838.1
3.80_564.3607m/z	564.3607	3.80	3515.5	3534.9	3245.5	3301.2	3522.7	3380.5	3431.8	3398.3	3470.4	3332.2
1.36_680.6178m/z	680.6178	1.36	2837.9	2888.6	3730.9	3440.7	3557.0	5949.6	6234.3	6199.5	6534.9	6383.6
0.94_573.4882m/z	573.4882	0.94	3564.3	3603.5	3369.6	3191.8	3591.4	6628.8	6819.4	6840.5	6827.7	7349.7
4.79_797.5887m/z	797.5887	4.79	3356.0	3785.0	3454.0	3806.4	3685.9	6236.1	6632.7	6585.8	6524.6	6814.0
0.96_972.8936m/z	972.8936	0.96	4040.9	3983.2	3614.1	3935.0	3703.5	5414.0	5487.3	5697.3	5704.6	5938.6
4.52_304.2994m/z	304.2994	4.52	3787.6	3692.1	3583.3	3687.2	3760.2	3638.7	3664.2	3732.2	3807.0	3693.5
0.93_877.2227m/z	877.2227	0.93	3955.6	2592.8	3463.3	3192.8	3792.4	4745.5	3188.9	4708.3	6618.1	7252.5
1.36_342.3068m/z	342.3068	1.36	3542.2	3430.3	3719.3	3418.6	3798.9	7314.5	7117.9	7318.2	7463.8	7129.4
0.92_923.8809m/z	923.8809	0.92	3936.6	4083.9	3900.6	3795.7	3812.7	3730.4	3730.9	3935.7	3965.5	3742.4
1.42_642.5263n	665.5120	1.42	4140.4	4329.9	3859.7	4142.9	3864.6	7150.2	8450.1	8408.4	8408.0	7112.5
1.44_668.5365n	686.5705	1.44	4301.9	4344.4	3897.1	4067.7	3915.1	8160.3	8687.8	8816.1	8699.6	8591.7
0.57_576.5344m/z	576.5344	0.57	3968.1	3986.1	4424.4	4196.8	4030.8	3985.7	4070.3	4389.4	4212.0	2581.0
4.81_728.5580m/z	728.5580	4.81	3440.3	3922.9	3868.9	4166.7	4032.6	8809.3	9577.6	9522.2	9795.5	9928.9
0.93_964.9249m/z	964.9249	0.93	4126.2	4172.1	4000.0	3858.4	4036.1	3921.2	3861.7	4109.6	3956.7	3364.4
3.22_357.8861n	340.8828	3.22	3983.3	4008.4	3874.7	3852.8	4058.6	3869.4	3859.4	3950.6	3896.5	3929.2
2.22_384.3390n	367.3357	2.22	4263.7	4122.7	4080.8	3937.9	4158.7	8247.6	8001.8	8210.7	8482.1	8961.7
2.07_737.7465m/z	737.7465	2.07	4334.6	4442.9	4053.0	4007.6	4177.9	7682.7	7652.6	8522.4	7749.4	8452.5
0.94_589.5202m/z	589.5202	0.94	4363.3	4501.7	4074.6	3963.2	4199.0	7827.1	7815.9	8040.1	7783.0	8388.2
0.57_419.3504m/z	419.3504	0.57	3626.5	3611.0	3772.0	3744.4	4205.9	3894.5	3703.6	3801.5	4020.9	2550.0
3.93_788.5198m/z	788.5198	3.93	3943.7	3977.8	4062.9	4227.6	4212.2	8841.3	9318.9	9237.3	9267.1	9857.4
0.99_984.8927m/z	984.8927	0.99	4661.5	4460.0	4134.0	4435.9	4273.2	7027.5	7325.4	7652.8	7527.9	7791.9
4.81_752.5426m/z	752.5426	4.81	3659.9	4211.3	4123.4	4393.8	4299.5	9312.0	9715.6	9885.0	9949.7	10390.6
4.79_770.5807m/z	770.5807	4.79	3688.0	4228.9	3989.3	4243.5	4309.7	7839.6	8244.0	8377.0	8418.3	8836.6
4.80_822.5979m/z	822.5979	4.80	3987.6	4410.9	4169.5	4433.1	4321.0	8079.0	8225.7	8554.1	8360.5	8887.2
5.04_524.3709m/z	524.3709	5.04	1433.0	1939.2	3787.1	4899.8	4334.4	11008.0	13762.9	13989.7	14509.8	9825.1
4.95_730.5987n	731.6060	4.95	3122.6	3626.0	4002.0	4611.2	4363.1	10062.7	11343.5	11447.4	11683.6	14274.2
1.31_566.4907n	549.4874	1.31	4219.1	4325.7	3976.6	3889.6	4377.4	8389.0	8176.7	8557.2	8426.6	8897.1
4.80_828.5560m/z	828.5560	4.80	4056.5	4439.9	4272.1	4537.1	4396.1	8438.2	8859.0	8780.8	9082.4	9107.3
1.60_330.2776n	313.2743	1.60	4247.3	4386.8	4265.7	4138.5	4416.5	8377.8	8607.1	8758.8	9045.0	8414.5
1.41_645.5426m/z	645.5426	1.41	4594.8	4653.4	4175.8	4233.2	4443.0	8517.8	8693.5	9049.1	9027.4	8909.4
3.22_333.9262n	316.9229	3.22	4305.8	4157.8	4082.6	4030.9	4459.7	4123.8	4174.9	4277.9	4339.7	4311.5
0.93_877.4905m/z	877.4905	0.93	4656.0	4767.5	4141.9	3970.9	4500.5	9129.4	9439.2	9307.1	9122.9	10047.0
0.89_792.7071m/z	792.7071	0.89	4547.3	4576.5	4256.4	4140.6	4626.1	8861.0	8536.7	8675.4	8685.6	9608.3
0.85_768.7059m/z	768.7059	0.85	5225.3	4940.3	4819.4	4964.7	4745.5	9329.1	9522.5	9605.9	9667.8	10248.3
4.09_170.1296m/z	170.1296	4.09	4776.1	4793.6	4641.0	4540.4	4782.8	4481.6	4531.5	4534.1	4580.3	4628.3
0.99_931.7865m/z	931.7865	0.99	5059.3	4753.8	4810.2	5851.3	4794.4	8729.0	11044.7	9108.0	10358.4	19394.6
0.91_851.0716m/z	851.0716	0.91	4828.2	4999.0	4442.5	4624.3	4918.1	11927.2	11345.8	11939.8	11531.4	12890.2
2.07_602.5867m/z	602.5867	2.07	5306.7	5229.4	4848.5	4814.3	4956.8	9616.6	9754.7	10336.9	9990.9	10708.0
1.19_551.5019m/z	551.5019	1.19	5535.9	5929.8	5328.6	5315.2	5001.2	9065.6	11277.3	9400.0	11063.5	12209.6
4.96_184.0743m/z	184.0743	4.96	1360.4	1598.3	4757.2	5311.0	5021.8	7798.9	9082.5	9140.2	9383.0	5086.9
3.47_458.2728n	476.3070	3.47	4927.2	5074.6	4752.1	4781.9	5044.0	5017.7	5049.1	4953.3	5152.8	5156.5
4.53_111.0923m/z	111.0923	4.53	5073.7	5131.8	4907.0	4917.0	5088.9	4735.9	4668.4	4736.4	4757.0	4882.4
2.70_284.2219m/z	284.2219	2.70	5059.4	5093.0	4979.9	4929.1	5248.8	4984.7	4979.0	5173.6	5076.7	5223.1
2.06_695.6979m/z	695.6979	2.06	5680.3	5582.8	5487.7	5293.0	5345.0	9188.3	9083.8	9832.5	9303.1	9586.6
2.03_611.6047m/z	611.6047	2.03	5518.1	5923.6	5245.7	5267.4	5471.2	9714.7	9252.7	9927.3	9615.5	10477.3
2.09_644.6181m/z	644.6181	2.09	5795.5	5877.4	5505.9	5454.8	5484.8	10497.7	10777.2	11150.3	10921.0	11505.2
1.00_982.8775m/z	982.8775	1.00	5771.8	5719.2	5457.6	5531.8	5492.5	9977.3	10088.2	10673.6	10368.6	11032.0
1.58_1194.8177m/z	1194.8177	1.58	4788.3	4634.0	5671.1	5579.1	5508.6	4802.4	4840.7	4988.5	5082.3	3957.3
0.56_269.2264m/z	269.2264	0.56	5429.2	5154.8	5125.2	5173.4	5568.2	9549.0	9596.7	9500.6	9934.7	10041.0
2.02_506.4930m/z	506.4930	2.02	5856.6	5321.4	5107.2	5496.8	5697.5	11532.9	10289.1	11025.5	11185.8	12113.0
0.90_537.4879m/z	537.4879	0.90	5504.1	5634.8	5241.5	5280.0	5761.2	11097.9	11019.9	11138.8	11245.1	11723.3
4.86_818.5894m/z	818.5894	4.86	4425.1	5495.6	5504.5	5933.1	5899.0	12403.3	13309.2	13523.4	13769.8	13872.7
0.93_877.3308m/z	877.3308	0.93	6132.0	6344.3	5419.6	5145.7	5904.0	12057.0	12475.4	12394.7	12078.5	13299.7
2.05_590.5858m/z	590.5858	2.05	6658.3	6519.0	6054.4	6007.7	5965.3	12144.8	12108.1	13076.0	12272.9	13470.3
3.97_794.5668m/z	794.5668	3.97	6462.6	5838.0	6235.2	6122.1	5971.1	13495.5	13500.7	13456.4	14033.9	19373.8
3.22_251.9217n	274.9111	3.22	5755.0	5764.4	5560.7	5484.7	5989.6	5597.9	5678.6	5755.7	5654.9	5731.0
4.81_830.5680m/z	830.5680	4.81	5315.0	5964.8	5565.0	5983.0	6008.1	11082.6	11547.7	11734.4	11703.4	12358.8
2.08_706.6817m/z	706.6817	2.08	6021.9	6379.1	5596.6	5871.4	6078.6	8990.5	9317.3	9749.3	9444.9	9879.1
4.42_603.5341m/z	603.5341	4.42	6512.0	6294.3	6251.5	6383.0	6172.3	15348.0	15759.4	15949.9	16055.9	15480.8
3.95_740.5233m/z	740.5233	3.95	5891.8	6066.9	6039.6	6478.3	6365.9	13372.0	14147.9	14305.9	14264.2	14274.2
3.94_812.5181m/z	812.5181	3.94	6152.2	6231.0	6272.3	6549.5	6453.2	12970.9	13395.3	13441.8	13461.8	15126.8
0.92_879.1048m/z	879.1048	0.92	6722.2	6671.4	5937.8	5873.5	6455.8	13843.0	13504.8	13780.2	13311.1	15179.0
1.02_950.8227m/z	950.8227	1.02	7024.4	6809.9	6385.6	6781.5	6717.3	13704.8	13158.0	13790.8	13523.7	15305.2
0.94_844.7383m/z	844.7383	0.94	6943.1	6948.2	6284.4	6345.8	6780.9	11953.5	12174.8	12431.9	12203.6	13317.1
1.11_918.8085m/z	918.8085	1.11	6969.9	6957.0	6552.1	6656.5	6819.2	14824.8	14325.9	15176.3	15295.2	15531.1
2.88_326.1945n	327.2018	2.88	6851.9	6713.3	6419.0	6551.8	6913.3	6641.3	6618.7	6669.7	6896.9	6752.5
2.24_313.3216m/z	313.3216	2.24	6592.8	6610.0	6336.1	6209.3	6933.4	6613.3	6761.2	6660.1	6753.0	6528.2
1.39_616.5088n	617.5144	1.39	6529.6	6593.0	6915.3	7233.9	7120.7	14187.2	15436.9	14361.8	15374.2	12887.5
1.14_908.7493m/z	908.7493	1.14	7567.6	7649.3	7229.9	7013.6	7152.8	17557.9	17089.0	18028.6	18221.4	19102.1
0.91_818.7201m/z	818.7201	0.91	7926.6	8031.3	6803.2	6981.6	7157.2	13153.7	12956.6	13407.2	13185.4	14642.3
3.29_414.2470n	432.2809	3.29	7098.4	7042.7	6747.9	6559.6	7160.5	6738.6	7104.2	6738.1	7024.7	7005.7
2.08_650.6411m/z	650.6411	2.08	7515.8	7814.7	7082.3	7079.4	7243.6	13437.5	13230.0	14707.9	13598.2	14829.1
0.55_149.0238m/z	149.0238	0.55	4862.9	12827.1	5481.8	6477.3	7246.3	6322.4	5828.2	7472.1	5557.4	3641.7
4.42_629.5465m/z	629.5465	4.42	7782.3	7565.1	7447.3	7509.8	7248.1	18726.0	18927.0	19537.6	19323.4	18501.3
1.37_618.5221n	636.5559	1.37	6695.1	6380.3	6950.5	7046.3	7382.0	14586.7	13857.6	14190.1	14540.3	13495.3
1.11_946.8397m/z	946.8397	1.11	7609.2	7769.1	7178.7	7405.0	7484.4	15022.1	14539.9	15258.8	15403.0	15713.6
4.81_804.5566m/z	804.5566	4.81	6347.3	7538.0	6867.3	7558.9	7517.1	14074.3	14888.3	15224.2	15199.0	16399.8
0.86_803.6525m/z	803.6525	0.86	1789.3	1712.5	7711.3	7761.0	7730.7	7943.1	8388.5	8085.4	8620.7	3136.5
3.09_370.2210n	371.2283	3.09	7835.8	7882.7	7636.8	7674.9	8058.0	7678.5	7690.1	7694.1	8029.7	7931.8
1.41_690.6016m/z	690.6016	1.41	8080.0	8390.0	7876.8	8399.9	8586.6	15680.4	15624.8	16954.7	16490.8	15731.3
0.90_563.5023m/z	563.5023	0.90	8367.5	8425.3	8023.9	8104.7	8590.0	16262.0	16100.6	16396.4	16124.8	17173.9
0.96_870.7533m/z	870.7533	0.96	8805.7	8771.9	8169.7	8489.5	8727.4	16285.6	16186.2	16503.9	16894.2	18615.4
1.09_948.8561m/z	948.8561	1.09	8936.7	8943.1	8437.8	8504.5	8772.0	18485.0	17354.5	18280.1	18186.3	18742.0
1.07_405.2450m/z	405.2450	1.07	13568.0	5042.8	18450.1	6588.6	8862.0	6326.4	15432.4	4227.0	11036.4	55292.8
2.08_616.6016m/z	616.6016	2.08	9082.3	9206.8	8394.2	8530.5	8871.7	17155.0	17151.4	18143.2	18046.0	19015.0
1.36_337.2735m/z	337.2735	1.36	7923.1	7436.8	9391.0	8477.1	8903.1	17199.0	17559.7	18255.0	17910.5	16481.8
4.92_801.6832m/z	801.6832	4.92	6928.9	8054.6	8491.2	9265.0	8904.4	20003.0	21937.8	22030.7	22319.5	22058.5
4.42_627.5341m/z	627.5341	4.42	9586.5	9507.3	9336.0	9405.1	9000.9	22363.2	22565.3	22996.3	22965.3	22351.5
1.14_862.6839n	863.6912	1.14	9624.1	9354.1	9136.4	9381.3	9348.8	19194.4	18863.0	18908.2	19419.2	20241.1
2.04_548.5378m/z	548.5378	2.04	10084.2	10250.5	9645.6	9254.7	9430.2	18273.4	18462.1	19751.2	19115.0	21031.5
1.02_957.7980n	922.7842	1.02	9864.3	9523.5	9032.9	9462.9	9729.9	18439.0	17817.8	18616.1	18710.9	22485.3
2.06_693.6377n	658.6238	2.06	10398.8	10523.3	10009.1	10005.9	9831.7	17396.0	17663.8	18635.2	18090.4	18725.0
4.79_824.5960m/z	824.5960	4.79	9032.8	10081.8	9574.9	9904.6	9887.9	17468.7	18017.0	18228.3	18442.0	19175.0
0.94_877.0973m/z	877.0973	0.94	10581.4	10803.7	9289.2	8995.6	10260.1	22049.4	22716.2	22142.3	21918.1	24796.3
0.57_530.4677n	548.5016	0.57	10273.6	9868.9	9813.0	9812.8	10300.5	10028.7	9677.1	10175.1	10056.1	7125.8
3.64_520.3354m/z	520.3354	3.64	10384.0	10332.4	9859.9	10018.4	10348.4	10112.1	10658.3	10416.5	10549.0	10221.1
2.06_709.7131m/z	709.7131	2.06	10931.4	10900.1	10450.6	10137.6	10775.1	18207.1	18424.3	19978.9	18734.0	19880.0
3.99_790.5367m/z	790.5367	3.99	9722.7	11423.7	9982.3	11506.5	11010.3	24376.3	27319.1	28146.3	27400.5	13622.3
3.94_716.5250m/z	716.5250	3.94	10381.3	10625.4	10596.3	11369.0	11055.0	23342.6	24592.6	24777.2	24759.7	24953.8
1.39_664.5867m/z	664.5867	1.39	10781.9	11088.2	10097.1	10636.4	11127.7	20795.3	20445.7	21804.0	21370.7	21615.9
0.63_671.5727m/z	671.5727	0.63	9579.7	9483.8	10549.7	10679.2	11208.8	19979.9	19880.6	20357.7	20157.2	18463.3
2.08_660.6626m/z	660.6626	2.08	11907.4	12158.4	10989.0	11018.8	11318.7	22020.5	22057.0	23130.9	23263.0	24140.6
1.09_920.8252m/z	920.8252	1.09	11568.6	11436.9	10606.7	10641.2	11395.8	24473.4	22553.0	23752.3	23886.5	23891.0
0.88_808.7378m/z	808.7378	0.88	11220.5	11144.5	10288.3	10207.4	11416.9	21564.0	21346.2	21615.8	21859.3	23367.1
1.39_644.5363n	662.5702	1.39	11797.0	12278.1	11440.1	11737.9	11478.2	22174.5	22175.1	23493.0	22857.7	22828.6
4.80_756.5546m/z	756.5546	4.80	9868.4	11367.2	11117.9	11834.4	11518.7	23170.0	24434.9	24957.6	25044.9	25947.3
0.92_895.8496m/z	895.8496	0.92	11909.6	12399.1	11336.0	10600.4	11570.8	14769.2	13747.3	15420.3	14206.1	9901.0
1.33_313.2737m/z	313.2737	1.33	11648.5	11700.5	10849.9	10838.9	11831.0	22483.5	21635.3	22187.8	22168.2	22954.1
3.93_700.5274m/z	700.5274	3.93	11193.5	11684.2	11472.9	12279.9	11983.2	25081.6	26259.8	26268.9	26527.3	26429.7
4.81_858.5959m/z	858.5959	4.81	11364.5	12489.4	11854.2	12576.9	12477.0	23400.2	24484.3	24736.1	24940.3	25460.1
4.80_766.5700m/z	766.5700	4.80	11220.9	12736.5	11976.3	12849.0	12691.2	26662.0	28013.4	28127.1	28780.0	29680.5
4.79_732.5549m/z	732.5549	4.79	10826.6	12609.4	12360.2	13118.7	12911.1	24423.6	25727.6	26165.1	26324.4	26762.0
4.83_802.5609m/z	802.5609	4.83	11199.8	12743.6	12550.8	13255.9	12961.3	26115.7	27738.7	27907.6	28317.8	28925.4
3.95_741.5298n	742.5375	3.95	12465.0	12666.6	12578.1	13323.6	13074.4	27661.1	29271.8	29602.6	29342.9	29634.6
0.40_647.4586m/z	647.4586	0.40	7488.8	7865.1	8787.0	11665.8	13200.3	9570.9	12461.9	13096.2	12773.2	9176.2
4.94_813.6821m/z	813.6821	4.94	10970.4	12654.2	12780.6	14274.6	13340.1	29788.9	31974.9	32492.9	32679.8	30331.2
0.98_968.8085n	986.9090	0.98	14623.9	13654.8	13012.7	15228.0	13357.2	22673.3	24843.0	23466.4	25987.9	61330.6
4.81_800.5896m/z	800.5896	4.81	12244.3	13497.1	13389.6	14108.0	13670.3	28471.2	29703.1	29899.9	30599.7	30674.6
0.99_938.8177m/z	938.8177	0.99	14948.8	14413.2	13556.6	14257.5	13773.7	21971.4	22545.4	23008.3	23184.0	25034.9
4.79_860.6120m/z	860.6120	4.79	12222.9	13690.3	13023.6	14114.4	13991.1	25780.3	26760.6	27153.1	27627.2	27510.3
2.03_281.2725n	264.2692	2.03	13958.9	14350.5	14409.9	12352.1	14103.5	22432.1	23144.7	22721.5	21864.5	24794.7
4.79_734.5683m/z	734.5683	4.79	11743.0	13816.3	13698.1	14514.3	14290.3	27630.2	29121.8	29753.8	29915.3	30100.0
1.89_400.3340n	401.3413	1.89	16073.6	16199.5	14777.5	14975.7	14410.4	31604.4	29727.5	32735.3	29672.3	33994.0
4.26_170.1296m/z	170.1296	4.26	14817.9	14689.0	13800.2	14177.2	14463.4	13638.0	13596.6	13767.8	13726.0	13731.4
1.39_646.5520n	647.5592	1.39	15721.8	16282.9	14380.9	15080.3	14632.7	29064.3	29525.9	30490.7	30040.8	30035.0
4.80_742.5706m/z	742.5706	4.80	12877.1	14788.3	14359.5	15401.4	14751.8	30073.1	31843.9	32258.1	32622.8	33660.6
1.34_592.5060n	575.5027	1.34	13717.3	13546.3	13521.7	13265.6	14881.7	29157.3	27166.8	28859.0	27970.0	27583.5
3.94_826.6068m/z	826.6068	3.94	13226.3	13943.6	14651.0	16072.9	15008.8	43713.7	46113.3	45773.5	46825.1	48352.0
0.85_708.5115m/z	708.5115	0.85	12390.2	14586.1	14679.7	14045.4	15121.3	13508.3	14148.2	17376.6	14091.0	11007.7
0.96_601.5190m/z	601.5190	0.96	15248.3	15533.7	14219.4	13627.9	15168.4	28393.9	28177.6	29098.1	28751.2	19101.7
0.91_564.4755n	565.5191	0.91	15288.7	15558.8	14308.2	14307.4	15424.2	29790.6	29394.4	30207.0	29755.3	31918.3
2.08_721.7176m/z	721.7176	2.08	16319.6	16889.6	15493.0	15760.5	16515.7	28574.1	28964.5	31620.4	29509.9	32076.5
1.22_594.5216n	577.5183	1.22	15873.0	16368.0	15518.4	16477.0	16908.8	33448.4	35312.1	32982.1	34853.8	38184.8
3.95_796.5819m/z	796.5819	3.95	16684.9	17179.6	16513.9	17470.0	17078.5	36959.4	38941.2	39099.4	38973.0	40049.7
4.79_184.0744m/z	184.0744	4.79	13078.6	15025.2	17058.6	18039.3	17465.7	39842.3	43033.5	43176.4	42998.4	41604.5
3.93_603.5346m/z	603.5346	3.93	16712.9	17332.5	16978.4	18059.7	17853.3	38123.7	40730.3	40977.1	40919.3	39634.5
0.93_591.5351m/z	591.5351	0.93	18727.2	19028.7	17125.8	17116.2	18310.3	34217.1	34015.1	34706.2	34293.2	37147.0
3.22_128.9546m/z	128.9546	3.22	19755.0	19665.7	18839.8	18814.8	20304.6	19049.4	19225.4	19508.8	19599.7	19863.5
1.36_666.6027m/z	666.6027	1.36	18122.3	17448.0	21799.0	19584.7	20408.5	32364.9	33272.6	33844.3	35398.4	36648.8
0.93_936.8924m/z	936.8924	0.93	21699.1	21842.2	21008.5	20582.5	20778.6	20323.9	21498.9	22782.8	21872.5	21776.6
0.85_663.4536m/z	663.4536	0.85	15755.8	18460.7	18096.2	17678.2	21029.2	18080.6	17133.7	21491.0	17617.9	13497.8
3.94_627.5339m/z	627.5339	3.94	20418.5	21008.2	20310.1	21833.2	21275.5	44563.1	46387.0	46568.4	46905.6	47958.3
0.92_580.5377m/z	580.5377	0.92	23452.2	23644.1	21701.2	21728.4	23148.1	44438.8	44590.0	45626.2	44205.9	48096.3
0.99_952.8318m/z	952.8318	0.99	25898.3	25413.0	23672.0	24608.6	24320.5	43756.4	44474.7	46264.3	45966.7	48557.0
1.36_321.2557n	339.2895	1.36	22830.4	22885.9	23799.3	22561.5	24329.9	48066.2	47044.2	48489.2	48045.4	47773.3
3.98_764.5249m/z	764.5249	3.98	23379.1	24110.8	23754.0	25201.3	24613.0	54203.5	56660.3	57181.8	57423.3	56027.1
2.07_646.6482m/z	646.6482	2.07	26298.2	26626.2	24167.8	24531.0	25557.4	49350.3	49308.6	52572.1	51869.4	55176.0
0.95_905.8039n	888.8006	0.95	26652.6	26986.2	24837.2	24705.3	25826.8	41734.2	41831.9	42943.2	42909.1	44014.7
2.06_621.6042n	604.6009	2.06	28356.5	27700.8	26235.1	25908.3	26082.6	51190.8	51651.3	55556.7	52547.4	55926.9
0.88_776.6884n	794.7222	0.88	26539.4	26319.3	24043.7	24379.0	26370.0	50735.9	50404.8	50148.8	51418.5	52954.8
0.89_549.4879m/z	549.4879	0.89	26957.9	27178.6	25283.0	25235.3	27096.5	53317.2	52525.2	54455.4	53743.1	57198.7
0.82_149.0238m/z	149.0238	0.82	23448.0	30507.4	24637.9	25817.4	28078.5	24600.5	26256.7	32753.8	22048.4	16557.7
0.99_917.7017m/z	917.7017	0.99	31601.1	29239.1	30319.3	34681.2	29218.7	40351.5	46837.3	42193.2	47041.5	69220.5
1.33_594.5221n	577.5188	1.33	32994.4	34670.0	32148.8	32431.6	33876.4	67336.1	66324.6	66166.6	64969.2	69400.1
0.93_607.5644m/z	607.5644	0.93	35556.0	36062.4	32948.0	32200.6	35060.0	65117.9	66358.4	66613.5	65303.5	71297.2
0.91_851.7572n	834.7539	0.91	35003.8	36089.3	32730.4	33106.5	35381.9	54335.0	53322.0	55785.0	53250.3	55908.9
0.94_879.7437m/z	879.7437	0.94	38163.4	37440.0	37061.8	36140.2	38500.4	49675.4	50960.5	49442.4	50440.7	51403.1
0.93_934.8769m/z	934.8769	0.93	42117.1	45473.4	40911.0	32457.0	40722.0	37871.5	31512.1	41263.7	33657.4	8192.6
0.93_575.5038m/z	575.5038	0.93	43711.4	44600.6	40277.7	40006.7	43331.5	82394.1	83549.1	84806.6	82980.5	90630.3
0.87_778.7036n	796.7374	0.87	44120.9	44297.7	40230.0	41580.9	43762.7	84902.8	83899.2	86178.3	85538.6	90417.4
0.99_924.8008m/z	924.8008	0.99	48048.0	47351.0	43994.0	45645.4	46181.1	79544.3	81005.3	83503.2	82867.2	88281.7
0.95_944.8629m/z	944.8629	0.95	49380.7	50092.2	47002.3	46835.5	47373.7	58215.6	59486.5	61404.2	60734.1	63666.3
1.17_281.2246n	563.4650	1.17	2245.8	2200.4	47898.1	44718.5	51394.5	52313.7	50193.2	53007.9	52785.0	2874.5
0.90_802.7044n	820.7382	0.90	57744.2	57898.4	54214.5	55411.7	56500.2	107384.1	106312.6	109345.7	108291.0	115238.7
0.91_853.7286m/z	853.7286	0.91	57531.1	51304.8	53774.3	65955.2	57409.9	90408.0	107629.3	83904.9	105095.0	156265.8
2.06_635.6197n	618.6165	2.06	60359.0	60090.1	55969.9	55579.9	57498.8	109243.1	111815.3	117242.6	114248.5	120735.7
2.03_537.5116n	520.5084	2.03	65049.0	69104.1	62965.3	61777.0	63425.1	122540.4	115710.9	122111.6	118724.4	130338.8
0.95_872.7682m/z	872.7682	0.95	64196.6	65903.5	59324.8	59630.5	63537.9	118303.4	116529.5	119709.8	120937.8	128942.6
0.92_862.7848m/z	862.7848	0.92	69353.5	69118.2	63901.4	62862.6	65807.3	112637.0	113288.8	115949.3	112245.3	122673.8
0.98_958.8784m/z	958.8784	0.98	71067.6	70301.1	65769.2	67717.5	66369.8	82408.8	84374.9	86163.5	85668.3	88977.6
0.91_551.5027m/z	551.5027	0.91	67029.3	67192.2	61831.9	62724.2	68113.2	133176.8	132704.1	135409.9	134154.3	142514.3
0.90_818.7349n	836.7687	0.90	70580.2	70867.2	67428.5	67778.8	70001.8	125929.0	124010.9	127694.5	127728.7	131449.2
4.80_832.5841m/z	832.5841	4.80	64692.6	71440.3	67613.6	70397.7	70696.2	127563.9	132293.2	133570.9	134791.0	140424.4
4.80_782.5683m/z	782.5683	4.80	63528.0	72440.3	69006.7	72498.6	71987.4	139678.2	147000.5	148888.0	149601.4	155132.2
0.86_838.7848m/z	838.7848	0.86	47435.7	48304.3	71676.2	73593.0	73660.5	111688.3	111893.0	116901.9	115170.7	93451.5
0.86_523.4721m/z	523.4721	0.86	15930.8	16182.0	67083.6	68511.7	74391.0	89745.2	88302.4	86620.2	90836.4	32420.8
0.95_603.5348m/z	603.5348	0.95	81261.6	82339.2	74109.5	73193.0	79266.0	148393.1	152035.3	153224.7	150899.9	162914.7
2.08_647.6211n	630.6178	2.08	77176.7	85292.9	74996.1	80533.8	81755.9	148422.7	165748.2	170828.2	170334.0	194240.3
3.93_779.5677n	744.5538	3.93	80825.4	83209.8	84001.9	89063.6	87855.5	199040.9	209014.8	209888.6	211102.0	210934.5
0.93_918.8467m/z	918.8467	0.93	94378.1	94422.3	90146.4	88795.8	89742.1	102446.2	105421.4	108468.2	106935.2	112128.2
4.79_784.5846m/z	784.5846	4.79	80377.4	91234.2	86804.1	90817.4	90174.2	175118.9	183611.8	185933.3	186487.0	193602.6
0.85_736.5435m/z	736.5435	0.85	72732.3	84110.5	81119.1	79547.2	93108.2	81439.0	76748.1	95648.6	76225.6	63391.1
4.79_836.6144m/z	836.6144	4.79	87398.1	97222.5	90414.5	94311.9	94206.2	182834.8	191252.8	193252.2	194013.1	202574.5
0.94_605.5489m/z	605.5489	0.94	97381.5	98982.0	89757.5	88591.3	95974.3	177798.3	180963.9	183330.9	179709.4	194721.5
0.86_810.7541m/z	810.7541	0.86	20607.9	20712.1	104704.9	107455.8	98699.2	112000.5	122958.4	120600.1	125688.4	41531.7
4.80_806.5710m/z	806.5710	4.80	89626.1	101703.2	95634.5	100909.4	100604.5	191849.0	200536.8	202936.8	202989.9	216270.8
4.79_838.6293m/z	838.6293	4.79	112557.8	124651.7	117087.0	120875.7	120263.8	231784.9	240702.4	243878.8	245034.2	254970.3
4.79_758.5700m/z	758.5700	4.79	124404.6	143459.3	137595.5	143889.0	143638.8	275574.1	290744.7	292650.4	293938.6	302269.3
3.94_767.5453n	768.5526	3.94	142606.9	145092.1	142601.3	149665.9	147600.2	318616.7	332901.7	333117.9	338162.9	345888.3
0.91_864.7992m/z	864.7992	0.91	171347.3	172476.5	160800.7	160789.9	167820.2	277965.3	277802.5	289711.2	280605.1	299869.0
0.96_912.8143n	930.8481	0.96	221630.4	219842.1	213322.8	220079.5	204215.3	274911.0	298509.2	299939.4	303773.8	334262.5
0.93_863.7564n	881.7587	0.93	220726.2	208880.8	202499.6	216964.2	213550.3	313575.1	344517.2	310592.8	335320.6	409102.1
0.92_577.5195m/z	577.5195	0.92	232639.9	233733.5	213889.9	213314.2	227956.7	421373.3	428326.3	433662.1	423067.6	457091.2
0.59_369.3539m/z	369.3539	0.59	35460.5	35458.3	236962.2	240416.0	248248.5	282379.2	276715.1	276855.9	279514.1	72082.5
0.92_880.8285m/z	880.8285	0.92	303314.7	306444.6	283488.3	276568.1	294432.1	440299.5	441313.0	459613.7	442409.1	399467.7
0.93_889.8085n	907.7750	0.93	346081.4	335500.6	325642.2	336421.6	335878.2	509048.2	546012.2	518629.8	544039.1	650321.9
0.89_804.7198n	822.7536	0.89	346456.3	348702.7	346078.2	341319.6	370991.7	641191.0	638417.4	652171.3	654432.2	659345.5
4.79_763.5796n	786.6012	4.79	684745.2	767474.0	740023.4	768747.6	766347.0	1312626.8	1360523.0	1371266.2	1379384.0	1406851.2
0.91_832.7513n	850.7852	0.91	809731.2	815179.2	770708.5	772599.2	794095.2	1205046.6	1219705.5	1255614.3	1226498.9	1276888.2
0.93_876.8009m/z	876.8009	0.93	1229283.4	1237831.2	1188533.9	1166539.5	1178210.5	1599202.2	1642582.8	1678996.9	1633559.4	1720187.8
